1 #NS 0 Nat
1 #US 0
0 #ES 1
2 #NS 1 zero
3 #NS 1 succ
1 #EC 1
4 #NS 0 n
2 #EP #BD 4 1 1
5 #NS 1 rec
6 #NS 0 u
2 #UP 6
7 #NS 0 motive
8 #NS 0 t
3 #ES 2
4 #EP #BD 8 1 3
9 #NS 0 zero
5 #EV 0
6 #EC 2
7 #EA 5 6
10 #NS 0 succ
11 #NS 0 n_ih
8 #EV 2
9 #EA 8 5
10 #EV 3
11 #EC 3
12 #EV 1
13 #EA 11 12
14 #EA 10 13
15 #EP #BD 11 9 14
16 #EP #BD 4 1 15
17 #EA 10 5
18 #EP #BD 8 1 17
19 #EP #BD 10 16 18
20 #EP #BD 9 7 19
21 #EP #BI 7 4 20
22 #EL #BD 10 16 12
23 #EL #BD 9 7 22
24 #EL #BD 7 4 23
25 #EA 12 5
26 #EC 5 2
27 #EA 26 10
28 #EA 27 8
29 #EA 28 12
30 #EA 29 5
31 #EA 25 30
32 #EL #BD 4 1 31
33 #EL #BD 10 16 32
34 #EL #BD 9 7 33
35 #EL #BD 7 4 34
#IND 0 1 0 2 2 1 3 2
12 #NS 0 Eq
13 #NS 0 u_1
3 #UP 13
14 #NS 0 α
36 #ES 3
15 #NS 0 a
16 #NS 15 _@
17 #NS 16 _internal
18 #NS 17 _hyg
19 #NI 18 0
37 #ES 0
38 #EP #BD 19 12 37
39 #EP #BD 19 5 38
40 #EP #BI 14 36 39
20 #NS 12 refl
41 #EC 12 3
42 #EA 41 12
43 #EA 42 5
44 #EA 43 5
45 #EP #BD 15 5 44
46 #EP #BI 14 36 45
21 #NS 12 rec
47 #EA 41 8
48 #EA 47 12
49 #EA 48 5
50 #EP #BD 8 49 3
51 #EP #BD 19 12 50
22 #NS 0 refl
52 #EA 5 12
53 #EC 20 3
54 #EA 53 8
55 #EA 54 12
56 #EA 52 55
57 #EV 4
58 #EA 41 57
59 #EA 58 10
60 #EA 59 5
61 #EA 10 12
62 #EA 61 5
63 #EP #BD 8 60 62
64 #EP #BI 19 10 63
65 #EP #BD 22 56 64
66 #EP #BI 7 51 65
67 #EP #BI 19 5 66
68 #EP #BI 14 36 67
69 #EL #BD 22 56 5
70 #EL #BD 7 51 69
71 #EL #BD 19 5 70
72 #EL #BI 14 36 71
#IND 2 12 40 1 20 46 13
23 #NS 0 Bool
24 #NS 23 false
25 #NS 23 true
73 #EC 23
26 #NS 23 rec
74 #EP #BD 8 73 3
27 #NS 0 false
75 #EC 24
76 #EA 5 75
28 #NS 0 true
77 #EC 25
78 #EA 12 77
79 #EP #BD 8 73 17
80 #EP #BD 28 78 79
81 #EP #BD 27 76 80
82 #EP #BI 7 74 81
83 #EL #BD 28 78 12
84 #EL #BD 27 76 83
85 #EL #BD 7 74 84
86 #EL #BD 28 78 5
87 #EL #BD 27 76 86
88 #EL #BD 7 74 87
#IND 0 23 0 2 24 73 25 73
29 #NS 0 PUnit
30 #NS 29 unit
89 #EC 29 2
31 #NS 29 rec
90 #EP #BD 8 89 36
32 #NS 0 unit
91 #EC 30 2
92 #EA 5 91
93 #EP #BD 8 89 9
94 #EP #BD 32 92 93
95 #EP #BI 7 90 94
96 #EL #BD 32 92 5
97 #EL #BD 7 90 96
#IND 0 29 3 1 30 89 6
33 #NS 0 PProd
34 #NS 0 v
4 #UP 34
35 #NS 0 β
98 #ES 4
5 #UM 1 2
6 #UM 5 4
99 #ES 6
100 #EP #BD 35 98 99
101 #EP #BD 14 3 100
36 #NS 33 mk
37 #NS 0 fst
38 #NS 0 snd
102 #EC 33 2 4
103 #EA 102 10
104 #EA 103 8
105 #EP #BD 38 12 104
106 #EP #BD 37 12 105
107 #EP #BI 35 98 106
108 #EP #BI 14 3 107
39 #NS 33 rec
109 #EA 102 12
110 #EA 109 5
111 #EP #BD 8 110 36
40 #NS 0 mk
112 #EC 36 2 4
113 #EA 112 57
114 #EA 113 10
115 #EA 114 12
116 #EA 115 5
117 #EA 8 116
118 #EP #BD 38 8 117
119 #EP #BD 37 8 118
120 #EP #BD 8 104 9
121 #EP #BD 40 119 120
122 #EP #BI 7 111 121
123 #EP #BI 35 98 122
124 #EP #BI 14 3 123
125 #EA 8 12
126 #EA 125 5
127 #EL #BD 38 10 126
128 #EL #BD 37 10 127
129 #EL #BD 40 119 128
130 #EL #BD 7 111 129
131 #EL #BD 35 98 130
132 #EL #BD 14 3 131
#IND 2 33 101 1 36 108 6 34
41 #NS 1 below
133 #ES 5
134 #EP #BD 8 1 133
135 #EP #BI 7 4 134
7 #US 5
136 #EC 5 7
137 #EL #BD 8 1 133
138 #EA 136 137
139 #EC 29 5
140 #EA 138 139
141 #EC 33 2 5
142 #EA 141 61
143 #EA 142 5
144 #EL #BD 11 133 143
145 #EL #BD 4 1 144
146 #EA 140 145
147 #EA 146 5
148 #EL #BD 8 1 147
149 #EL #BI 7 4 148
#ABBREV 41 135 149 6
42 #NS 1 brecOn
43 #NS 42 go
44 #NS 0 F_1
45 #NS 0 f
150 #EC 41 2
151 #EA 150 8
152 #EA 151 5
153 #EP #BD 45 152 61
154 #EP #BD 8 1 153
155 #EA 141 125
156 #EA 151 12
157 #EA 155 156
158 #EP #BD 44 154 157
159 #EP #BD 8 1 158
160 #EP #BI 7 4 159
161 #EC 5 5
162 #EA 141 17
163 #EA 150 10
164 #EA 163 5
165 #EA 162 164
166 #EL #BD 8 1 165
167 #EA 161 166
168 #EC 36 2 5
169 #EA 8 6
170 #EA 168 169
171 #EA 170 139
172 #EC 30 5
173 #EA 7 172
174 #EA 171 173
175 #EA 174 172
176 #EA 167 175
177 #EA 57 13
178 #EA 168 177
179 #EA 57 12
180 #EA 141 179
181 #EA 150 57
182 #EA 181 12
183 #EA 180 182
184 #EA 178 183
185 #EA 8 13
186 #EA 185 5
187 #EA 184 186
188 #EA 187 5
189 #EL #BD 11 165 188
190 #EL #BD 4 1 189
191 #EA 176 190
192 #EA 191 12
193 #EL #BD 44 154 192
194 #EL #BD 8 1 193
195 #EL #BI 7 4 194
#ABBREV 43 160 195 6
196 #EP #BD 44 154 125
197 #EP #BD 8 1 196
198 #EP #BI 7 4 197
199 #EC 43 2
200 #EA 199 8
201 #EA 200 12
202 #EA 201 5
203 #EJ 33 0 202
204 #EL #BD 44 154 203
205 #EL #BD 8 1 204
206 #EL #BI 7 4 205
#ABBREV 42 198 206 6
46 #NS 0 Unit
207 #EC 29 1
#ABBREV 46 0 207
47 #NS 1 casesOn
208 #EA 12 6
209 #EA 11 5
210 #EA 10 209
211 #EP #BD 4 1 210
212 #EA 10 8
213 #EP #BD 10 211 212
214 #EP #BD 9 208 213
215 #EP #BD 8 1 214
216 #EP #BI 7 4 215
217 #EA 27 12
218 #EA 57 5
219 #EL #BD 11 218 125
220 #EL #BD 4 1 219
221 #EA 217 220
222 #EA 221 8
223 #EL #BD 10 211 222
224 #EL #BD 9 208 223
225 #EL #BD 8 1 224
226 #EL #BI 7 4 225
#ABBREV 47 216 226 6
48 #NS 46 unit
227 #EC 46
228 #EC 30 1
#ABBREV 48 227 228
49 #NS 1 beq
50 #NS 49 match_1
51 #NS 0 x
52 #NS 51 _@
53 #NS 52 Init
54 #NS 53 Prelude
55 #NI 54 2408276647
56 #NS 55 _hygCtx
57 #NI 56 13
58 #NS 57 Init
59 #NS 58 Prelude
60 #NI 59 2408276647
61 #NS 60 _hygCtx
62 #NS 61 _hyg
63 #NI 62 32
64 #NI 56 14
65 #NS 64 Init
66 #NS 65 Prelude
67 #NI 66 2408276647
68 #NS 67 _hygCtx
69 #NS 68 _hyg
70 #NI 69 35
229 #EP #BD 70 1 36
230 #EP #BD 63 1 229
71 #NS 0 h_1
231 #EA 10 6
232 #EA 231 6
233 #EP #BD 0 227 232
72 #NS 0 h_2
73 #NS 4 _@
74 #NS 73 Init
75 #NS 74 Prelude
76 #NI 75 2408276647
77 #NS 76 _hygCtx
78 #NS 77 _hyg
79 #NI 78 53
234 #EA 57 6
235 #EA 234 209
236 #EP #BD 79 1 235
80 #NS 0 h_3
81 #NI 78 65
237 #EV 5
238 #EA 237 209
239 #EA 238 6
240 #EP #BD 81 1 239
82 #NS 0 h_4
83 #NS 0 m
241 #EV 7
242 #EA 241 13
243 #EA 242 209
244 #EP #BD 83 1 243
245 #EP #BD 4 1 244
246 #EV 6
247 #EA 246 237
248 #EA 247 57
249 #EP #BD 82 245 248
250 #EP #BD 80 240 249
251 #EP #BD 72 236 250
252 #EP #BD 71 233 251
253 #EP #BD 70 1 252
254 #EP #BD 63 1 253
255 #EP #BD 7 230 254
256 #EC 47 3
257 #EA 241 5
258 #EA 257 237
259 #EL #BD 51 1 258
260 #EA 256 259
261 #EA 260 237
262 #EA 241 6
263 #EA 262 5
264 #EL #BD 51 1 263
265 #EA 256 264
266 #EA 265 57
267 #EC 48
268 #EA 10 267
269 #EA 266 268
84 #NI 78 91
270 #EL #BD 84 1 17
271 #EA 269 270
272 #EA 261 271
85 #NI 78 90
273 #EV 8
274 #EA 273 13
275 #EA 274 5
276 #EL #BD 51 1 275
277 #EA 256 276
278 #EA 277 237
279 #EA 278 9
86 #NI 78 92
280 #EL #BD 86 1 126
281 #EA 279 280
282 #EL #BD 85 1 281
283 #EA 272 282
284 #EL #BD 82 245 283
285 #EL #BD 80 240 284
286 #EL #BD 72 236 285
287 #EL #BD 71 233 286
288 #EL #BD 70 1 287
289 #EL #BD 63 1 288
290 #EL #BD 7 230 289
#ABBREV 50 255 290 13
291 #EP #BD 19 1 73
292 #EP #BD 19 1 291
87 #NS 56 _hyg
88 #NI 87 13
89 #NI 87 14
293 #EC 42 1
294 #EL #BD 88 1 291
295 #EA 293 294
296 #EA 295 12
297 #EC 41 1
298 #EA 297 294
299 #EA 298 5
300 #EC 50 1
90 #NI 87 93
301 #EA 298 12
302 #EP #BD 90 301 73
303 #EL #BD 70 1 302
304 #EL #BD 63 1 303
305 #EA 300 304
306 #EA 305 8
307 #EA 306 5
91 #NS 0 _
308 #EA 298 6
309 #EL #BD 90 308 77
310 #EL #BD 91 227 309
311 #EA 307 310
312 #EL #BD 90 308 75
313 #EL #BD 79 1 312
314 #EA 311 313
315 #EA 298 209
316 #EL #BD 90 315 75
317 #EL #BD 81 1 316
318 #EA 314 317
319 #EA 298 13
320 #EJ 33 0 5
321 #EA 320 12
322 #EL #BD 90 319 321
323 #EL #BD 83 1 322
324 #EL #BD 4 1 323
325 #EA 318 324
326 #EA 325 12
327 #EL #BD 89 1 326
328 #EL #BD 45 299 327
329 #EL #BD 88 1 328
330 #EA 296 329
331 #EA 330 5
332 #EL #BD 89 1 331
333 #EL #BD 88 1 332
#REGULAR 1 49 292 333
92 #NS 0 id
334 #EP #BD 15 5 12
335 #EP #BI 14 3 334
336 #EL #BD 15 5 5
337 #EL #BI 14 3 336
#REGULAR 1 92 335 337 6
93 #NS 0 rfl
338 #EC 12 2
339 #EA 338 12
340 #EA 339 5
341 #EA 340 5
342 #EP #BI 15 5 341
343 #EP #BI 14 3 342
344 #EC 20 2
345 #EA 344 12
346 #EA 345 5
347 #EL #BI 15 5 346
348 #EL #BI 14 3 347
#REGULAR 1 93 343 348 6
94 #NS 12 symm
95 #NS 0 b
96 #NS 0 h
349 #EA 338 8
350 #EA 349 12
351 #EA 350 5
352 #EA 338 10
353 #EA 352 12
354 #EA 353 8
355 #EP #BD 96 351 354
356 #EP #BI 95 12 355
357 #EP #BI 15 5 356
358 #EP #BI 14 3 357
359 #EC 21 0 2
360 #EA 359 10
361 #EA 360 8
97 #NI 54 2345006592
98 #NS 97 _hygCtx
99 #NS 98 _hyg
100 #NI 99 14
101 #NS 96 _@
102 #NS 101 Init
103 #NS 102 Prelude
104 #NI 103 2345006592
105 #NS 104 _hygCtx
106 #NS 105 _hyg
107 #NI 106 15
362 #EA 338 57
363 #EA 362 10
364 #EA 363 5
365 #EA 338 237
366 #EA 365 12
367 #EA 366 57
368 #EL #BD 107 364 367
369 #EL #BD 100 10 368
370 #EA 361 369
371 #EC 93 2
372 #EA 371 10
373 #EA 372 8
374 #EA 370 373
375 #EA 374 12
376 #EA 375 5
377 #EL #BD 96 351 376
378 #EL #BI 95 12 377
379 #EL #BI 15 5 378
380 #EL #BI 14 3 379
#HINT_OPAQUE 94 358 380 6
108 #NS 12 mpr
8 #US 2
381 #EC 12 8
382 #EA 381 3
383 #EA 382 12
384 #EA 383 5
385 #EP #BD 95 12 10
386 #EP #BD 96 384 385
387 #EP #BI 35 3 386
388 #EP #BI 14 3 387
389 #EC 21 2 8
390 #EA 389 3
391 #EA 390 8
109 #NS 53 Core
110 #NI 109 2537982879
111 #NS 110 _hygCtx
112 #NS 111 _hyg
113 #NI 112 14
114 #NS 102 Core
115 #NI 114 2537982879
116 #NS 115 _hygCtx
117 #NS 116 _hyg
118 #NI 117 15
392 #EA 382 10
393 #EA 392 5
394 #EL #BD 118 393 12
395 #EL #BD 113 3 394
396 #EA 391 395
397 #EA 396 5
398 #EA 397 10
399 #EC 94 8
400 #EA 399 3
401 #EA 400 10
402 #EA 401 8
403 #EA 402 12
404 #EA 398 403
405 #EL #BD 95 12 404
406 #EL #BD 96 384 405
407 #EL #BI 35 3 406
408 #EL #BI 14 3 407
#REGULAR 1 108 388 408 6
119 #NS 0 congrArg
120 #NS 0 a₁
121 #NS 0 a₂
409 #EP #BD 19 10 10
410 #EA 362 8
411 #EA 410 12
412 #EC 12 4
413 #EA 412 57
414 #EA 12 10
415 #EA 413 414
416 #EA 12 8
417 #EA 415 416
418 #EP #BD 96 411 417
419 #EP #BD 45 409 418
420 #EP #BI 121 8 419
421 #EP #BI 120 12 420
422 #EP #BI 35 98 421
423 #EP #BI 14 3 422
424 #EA 359 237
425 #EA 424 10
122 #NI 54 2375064143
123 #NS 122 _hygCtx
124 #NS 123 _hyg
125 #NI 124 24
126 #NI 103 2375064143
127 #NS 126 _hygCtx
128 #NS 127 _hyg
129 #NI 128 25
426 #EA 338 246
427 #EA 426 57
428 #EA 427 5
429 #EA 412 246
430 #EA 10 237
431 #EA 429 430
432 #EA 431 61
433 #EL #BD 129 428 432
434 #EL #BD 125 237 433
435 #EA 425 434
436 #EC 93 4
437 #EA 436 57
438 #EA 437 414
439 #EA 435 438
440 #EA 439 8
441 #EA 440 5
442 #EL #BD 96 411 441
443 #EL #BD 45 409 442
444 #EL #BI 121 8 443
445 #EL #BI 120 12 444
446 #EL #BI 35 98 445
447 #EL #BI 14 3 446
#HINT_OPAQUE 119 423 447 6 34
130 #NS 42 eq
448 #EA 338 125
449 #EC 42 2
450 #EA 449 8
451 #EA 450 12
452 #EA 451 5
453 #EA 448 452
454 #EJ 33 1 202
455 #EA 52 454
456 #EA 453 455
457 #EP #BD 44 154 456
458 #EP #BD 8 1 457
459 #EP #BI 7 4 458
460 #EC 47 0
461 #EA 338 17
462 #EA 449 10
463 #EA 462 5
464 #EA 463 12
465 #EA 461 464
466 #EA 199 10
467 #EA 466 5
468 #EA 467 12
469 #EJ 33 1 468
470 #EA 25 469
471 #EA 465 470
472 #EL #BD 51 1 471
473 #EA 460 472
474 #EA 473 12
475 #EA 344 169
476 #EA 450 6
477 #EA 476 5
478 #EA 475 477
479 #EA 474 478
131 #NI 75 1759501723
132 #NS 131 _hygCtx
133 #NS 132 _hyg
134 #NI 133 8
480 #EA 344 210
481 #EA 462 209
482 #EA 481 12
483 #EA 480 482
484 #EL #BD 134 1 483
485 #EA 479 484
486 #EL #BD 44 154 485
487 #EL #BD 8 1 486
488 #EL #BI 7 4 487
#HINT_OPAQUE 130 459 488 6
135 #NS 0 _private
136 #NS 135 Init
137 #NS 136 Data
138 #NS 137 Nat
139 #NS 138 Basic
140 #NI 139 0
141 #NS 140 Nat
142 #NS 141 beq
143 #NS 142 match_1
144 #NS 143 splitter
489 #EC 50 3
#ABBREV 144 255 489 13
145 #NS 12 ndrec
146 #NS 0 u1
147 #NS 0 u2
9 #UP 146
10 #UP 147
490 #ES 10
491 #ES 9
492 #EP #BD 19 12 491
493 #EC 12 10
494 #EA 493 57
495 #EA 494 10
496 #EA 495 5
497 #EP #BD 96 496 61
498 #EP #BI 95 10 497
499 #EP #BD 83 52 498
500 #EP #BI 7 492 499
501 #EP #BI 15 5 500
502 #EP #BI 14 490 501
503 #EC 21 9 10
504 #EA 503 237
505 #EA 504 57
148 #NI 54 2055208596
149 #NS 148 _hygCtx
150 #NS 149 _hyg
151 #NI 150 17
152 #NI 150 16
506 #EA 493 246
507 #EA 506 237
508 #EA 507 5
509 #EA 237 12
510 #EL #BD 152 508 509
511 #EL #BD 151 237 510
512 #EA 505 511
513 #EA 512 8
514 #EA 513 12
515 #EA 514 5
516 #EL #BD 96 496 515
517 #EL #BI 95 10 516
518 #EL #BD 83 52 517
519 #EL #BI 7 492 518
520 #EL #BI 15 5 519
521 #EL #BI 14 490 520
#ABBREV 145 502 521 146 147
153 #NS 49 eq_def
522 #EC 12 1
523 #EA 522 73
524 #EC 49
525 #EA 524 12
526 #EA 525 5
527 #EA 523 526
528 #EL #BD 70 1 73
529 #EL #BD 63 1 528
530 #EA 300 529
531 #EA 530 12
532 #EA 531 5
533 #EL #BD 91 227 77
534 #EA 532 533
535 #EL #BD 79 1 75
536 #EA 534 535
537 #EA 536 535
538 #EL #BD 83 1 526
539 #EL #BD 4 1 538
540 #EA 537 539
541 #EA 527 540
542 #EP #BD 89 1 541
543 #EP #BD 88 1 542
544 #EC 92 0
545 #EA 544 541
154 #NS 0 r
546 #EC 43 1
547 #EA 546 294
548 #EA 547 12
549 #EA 548 329
550 #EJ 33 1 549
551 #EC 108 0
552 #EA 295 8
553 #EA 552 329
554 #EA 553 12
555 #EA 523 554
556 #EA 530 8
557 #EA 556 12
558 #EA 557 533
559 #EA 558 535
560 #EA 559 535
561 #EA 560 539
562 #EA 555 561
563 #EA 551 562
564 #EA 5 8
565 #EA 523 564
566 #EA 530 10
567 #EA 566 8
568 #EA 567 533
569 #EA 568 535
570 #EA 569 535
571 #EA 570 539
572 #EA 565 571
573 #EL #BD 51 291 572
574 #EA 329 8
575 #EA 574 5
576 #EA 573 575
577 #EA 563 576
578 #EA 522 37
579 #EA 578 562
580 #EA 579 576
581 #EA 544 580
582 #EC 119 1 1
583 #EA 582 291
584 #EA 583 37
585 #EA 584 553
586 #EA 305 10
587 #EA 586 5
588 #EA 587 310
589 #EA 588 313
590 #EA 589 317
591 #EA 590 324
592 #EA 547 10
593 #EA 592 329
594 #EJ 33 1 593
595 #EA 591 594
596 #EL #BD 89 1 595
597 #EA 585 596
598 #EA 597 573
599 #EC 130 1
600 #EA 599 294
601 #EA 600 8
602 #EA 601 329
603 #EA 598 602
604 #EA 581 603
605 #EA 577 604
606 #EA 544 576
607 #EA 306 12
608 #EA 607 310
609 #EA 608 313
610 #EA 609 317
611 #EA 610 324
612 #EA 611 5
613 #EA 523 612
614 #EA 613 561
615 #EA 544 614
616 #EC 144 0
155 #NS 0 x_1
617 #EA 522 1
618 #EA 617 57
619 #EA 618 12
11 #US 1
620 #EC 5 11
621 #EL #BD 8 1 0
622 #EA 620 621
623 #EA 622 207
624 #EC 33 1 1
625 #EA 624 291
626 #EA 625 5
627 #EL #BD 11 0 626
628 #EL #BD 4 1 627
629 #EA 623 628
630 #EA 629 12
631 #EP #BD 90 630 73
632 #EL #BD 70 1 631
633 #EL #BD 63 1 632
634 #EA 300 633
635 #EA 634 246
636 #EA 635 237
637 #EL #BD 90 207 77
638 #EL #BD 91 227 637
639 #EA 636 638
640 #EL #BD 90 207 75
641 #EL #BD 79 1 640
642 #EA 639 641
643 #EA 629 5
644 #EA 625 643
645 #EL #BD 90 644 75
646 #EL #BD 81 1 645
647 #EA 642 646
648 #EA 625 630
649 #EL #BD 90 648 321
650 #EL #BD 83 1 649
651 #EL #BD 4 1 650
652 #EA 647 651
653 #EA 652 57
654 #EA 523 653
655 #EA 530 246
656 #EA 655 237
657 #EA 656 533
658 #EA 657 535
659 #EA 658 535
660 #EA 659 539
661 #EA 654 660
662 #EP #BD 96 619 661
663 #EP #BD 96 619 662
664 #EL #BD 155 1 663
665 #EL #BD 51 1 664
666 #EA 616 665
667 #EA 666 8
668 #EA 667 12
669 #EA 617 10
670 #EA 669 6
671 #EC 145 0 1
672 #EA 671 1
673 #EA 672 6
674 #EA 547 5
675 #EA 674 329
676 #EJ 33 1 675
677 #EA 617 237
678 #EA 677 6
679 #EA 634 8
680 #EA 679 246
681 #EA 680 638
682 #EA 681 641
683 #EA 682 646
684 #EA 683 651
685 #EA 684 12
686 #EA 523 685
687 #EA 556 246
688 #EA 687 533
689 #EA 688 535
690 #EA 689 535
691 #EA 690 539
692 #EA 686 691
693 #EP #BD 96 678 692
694 #EZ 154 299 676 693
695 #EL #BD 88 1 694
696 #EA 673 695
697 #EA 547 6
698 #EA 697 329
699 #EJ 33 1 698
700 #EA 618 6
701 #EA 634 6
702 #EA 701 5
703 #EA 702 638
704 #EA 703 641
705 #EA 704 646
706 #EA 705 651
707 #EA 706 8
708 #EA 523 707
709 #EA 530 6
710 #EA 709 5
711 #EA 710 533
712 #EA 711 535
713 #EA 712 535
714 #EA 713 539
715 #EA 708 714
716 #EL #BD 89 1 715
717 #EA 673 716
718 #EA 701 6
719 #EA 718 638
720 #EA 719 641
721 #EA 720 646
722 #EA 721 651
723 #EA 722 12
724 #EA 523 723
725 #EA 709 6
726 #EA 725 533
727 #EA 726 535
728 #EA 727 535
729 #EA 728 539
730 #EA 724 729
731 #EA 544 730
732 #EC 20 1
733 #EA 732 73
734 #EA 733 77
735 #EA 731 734
736 #EA 717 735
737 #EA 736 237
738 #EC 94 1
739 #EA 738 1
740 #EA 739 237
741 #EA 740 6
742 #EA 741 5
743 #EA 737 742
744 #EL #BD 96 700 743
745 #EZ 154 308 699 744
746 #EA 696 745
747 #EA 746 57
748 #EA 739 57
749 #EA 748 6
750 #EA 749 5
751 #EA 747 750
752 #EL #BD 96 670 751
753 #EL #BD 15 227 752
754 #EA 668 753
755 #EA 11 10
756 #EA 677 755
757 #EP #BD 96 756 692
758 #EZ 154 299 676 757
759 #EL #BD 88 1 758
760 #EA 673 759
761 #EA 11 8
762 #EA 618 761
763 #EA 672 755
764 #EA 763 716
765 #EA 701 755
766 #EA 765 638
767 #EA 766 641
768 #EA 767 646
769 #EA 768 651
770 #EA 769 12
771 #EA 523 770
772 #EA 709 755
773 #EA 772 533
774 #EA 773 535
775 #EA 774 535
776 #EA 775 539
777 #EA 771 776
778 #EA 544 777
779 #EA 733 75
780 #EA 778 779
781 #EA 764 780
782 #EA 781 237
783 #EA 740 755
784 #EA 783 5
785 #EA 782 784
786 #EL #BD 96 762 785
787 #EZ 154 308 699 786
788 #EA 760 787
789 #EA 788 57
790 #EA 789 750
791 #EL #BD 96 670 790
792 #EL #BD 4 1 791
793 #EA 754 792
794 #EA 669 209
795 #EA 672 13
796 #EA 795 695
797 #EA 547 13
798 #EA 797 329
799 #EJ 33 1 798
800 #EA 11 57
801 #EA 634 800
802 #EA 801 5
803 #EA 802 638
804 #EA 803 641
805 #EA 804 646
806 #EA 805 651
807 #EA 806 8
808 #EA 523 807
809 #EA 530 800
810 #EA 809 5
811 #EA 810 533
812 #EA 811 535
813 #EA 812 535
814 #EA 813 539
815 #EA 808 814
816 #EL #BD 89 1 815
817 #EA 673 816
818 #EA 634 755
819 #EA 818 6
820 #EA 819 638
821 #EA 820 641
822 #EA 821 646
823 #EA 822 651
824 #EA 823 12
825 #EA 523 824
826 #EA 530 755
827 #EA 826 6
828 #EA 827 533
829 #EA 828 535
830 #EA 829 535
831 #EA 830 539
832 #EA 825 831
833 #EA 544 832
834 #EA 833 779
835 #EA 817 834
836 #EA 835 237
837 #EA 836 742
838 #EL #BD 96 700 837
839 #EZ 154 319 799 838
840 #EA 796 839
841 #EA 840 57
842 #EA 748 13
843 #EA 842 5
844 #EA 841 843
845 #EL #BD 96 794 844
846 #EL #BD 4 1 845
847 #EA 793 846
848 #EA 618 13
849 #EA 672 761
850 #EA 617 246
851 #EA 850 755
852 #EA 679 241
853 #EA 852 638
854 #EA 853 641
855 #EA 854 646
856 #EA 855 651
857 #EA 856 12
858 #EA 523 857
859 #EA 556 241
860 #EA 859 533
861 #EA 860 535
862 #EA 861 535
863 #EA 862 539
864 #EA 858 863
865 #EP #BD 96 851 864
866 #EZ 154 299 676 865
867 #EL #BD 88 1 866
868 #EA 849 867
869 #EA 298 761
870 #EA 547 761
871 #EA 870 329
872 #EJ 33 1 871
873 #EA 677 761
874 #EA 11 237
875 #EA 634 874
876 #EA 875 5
877 #EA 876 638
878 #EA 877 641
879 #EA 878 646
880 #EA 879 651
881 #EA 880 8
882 #EA 523 881
883 #EA 530 874
884 #EA 883 5
885 #EA 884 533
886 #EA 885 535
887 #EA 886 535
888 #EA 887 539
889 #EA 882 888
890 #EL #BD 89 1 889
891 #EA 763 890
892 #EA 801 755
893 #EA 892 638
894 #EA 893 641
895 #EA 894 646
896 #EA 895 651
897 #EA 896 12
898 #EA 523 897
899 #EA 809 755
900 #EA 899 533
901 #EA 900 535
902 #EA 901 535
903 #EA 902 539
904 #EA 898 903
905 #EA 544 904
906 #EJ 33 0 12
907 #EA 906 10
908 #EA 733 907
909 #EA 905 908
910 #EA 891 909
911 #EA 910 246
912 #EA 739 246
913 #EA 912 755
914 #EA 913 5
915 #EA 911 914
916 #EL #BD 96 873 915
917 #EZ 154 869 872 916
918 #EA 868 917
919 #EA 918 237
920 #EA 740 761
921 #EA 920 5
922 #EA 919 921
923 #EL #BD 96 848 922
924 #EL #BD 83 1 923
925 #EL #BD 4 1 924
926 #EA 847 925
927 #EA 732 1
928 #EA 927 8
929 #EA 926 928
930 #EA 927 12
931 #EA 929 930
932 #EA 615 931
933 #EA 606 932
934 #EA 605 933
935 #EZ 154 301 550 934
936 #EA 545 935
937 #EL #BD 89 1 936
938 #EL #BD 88 1 937
#HINT_OPAQUE 153 543 938
